0.1,1,0.000109138533178,1.0
0.1,2,0.000109138533178,1.0
0.1,3,0.000109138533178,1.0
0.2,1,0.000109138533178,1.0
0.2,2,0.000109138533178,1.0
0.2,3,0.000109138533178,1.0
0.3,1,0.000110055394549,1.0
0.3,2,0.000110055394549,1.0
0.3,3,0.000110055394549,1.0
0.4,1,0.000110055394549,1.0
0.4,2,0.000110055394549,1.0
0.4,3,0.000110055394549,1.0
0.5,1,0.000114687667253,1.0
0.5,2,0.000114687667253,1.0
0.5,3,0.000114687667253,1.0
0.6,1,9.3261832595e-05,0.666666666667
0.6,2,9.3261832595e-05,0.666666666667
0.6,3,9.3261832595e-05,0.666666666667
0.7,1,9.3261832595e-05,0.666666666667
0.7,2,9.3261832595e-05,0.666666666667
0.7,3,9.3261832595e-05,0.666666666667
0.8,1,9.3261832595e-05,0.666666666667
0.8,2,9.3261832595e-05,0.666666666667
0.8,3,9.3261832595e-05,0.666666666667
0.9,1,0.000193255386994,0.666666666667
0.9,2,0.000193255386994,0.666666666667
0.9,3,0.000193255386994,0.666666666667
1.0,1,0.000193255386994,0.666666666667
1.0,2,0.000193255386994,0.666666666667
1.0,3,0.000193255386994,0.666666666667
1.1,1,0.00067272115708,0.666666666667
1.1,2,0.00067272115708,0.666666666667
1.1,3,0.00067272115708,0.666666666667
1.2,1,0.000727272727273,0.666666666667
1.2,2,0.000727272727273,0.666666666667
1.2,3,0.000727272727273,0.666666666667
1.3,1,0.000727272727273,0.666666666667
1.3,2,0.000727272727273,0.666666666667
1.3,3,0.000727272727273,0.666666666667
1.4,1,0.000874125874126,0.666666666667
1.4,2,0.000874125874126,0.666666666667
1.4,3,0.000874125874126,0.666666666667
1.5,1,0.000874125874126,0.666666666667
1.5,2,0.000874125874126,0.666666666667
1.5,3,0.000874125874126,0.666666666667
1.6,1,0.000874125874126,0.666666666667
1.6,2,0.000874125874126,0.666666666667
1.6,3,0.000874125874126,0.666666666667
1.7,1,0.00127959053103,0.666666666667
1.7,2,0.00127959053103,0.666666666667
1.7,3,0.00127959053103,0.666666666667
1.8,1,0.00127959053103,0.666666666667
1.8,2,0.00127959053103,0.666666666667
1.8,3,0.00127959053103,0.666666666667
1.9,1,0.00206825232678,0.666666666667
1.9,2,0.00206825232678,0.666666666667
1.9,3,0.00206825232678,0.666666666667
2.0,1,0.00206825232678,0.666666666667
2.0,2,0.00206825232678,0.666666666667
2.0,3,0.00206825232678,0.666666666667
2.1,1,0.00281690140845,0.666666666667
2.1,2,0.00281690140845,0.666666666667
2.1,3,0.00281690140845,0.666666666667
2.2,1,0.00281690140845,0.666666666667
2.2,2,0.00281690140845,0.666666666667
2.2,3,0.00281690140845,0.666666666667
2.3,1,0.00320512820513,0.666666666667
2.3,2,0.00320512820513,0.666666666667
2.3,3,0.00320512820513,0.666666666667
2.4,1,0.00389105058366,0.666666666667
2.4,2,0.00389105058366,0.666666666667
2.4,3,0.00389105058366,0.666666666667
2.5,1,0.00389105058366,0.666666666667
2.5,2,0.00389105058366,0.666666666667
2.5,3,0.00389105058366,0.666666666667
2.6,1,0.00389105058366,0.666666666667
2.6,2,0.00389105058366,0.666666666667
2.6,3,0.00389105058366,0.666666666667
2.7,1,0.00508905852417,0.666666666667
2.7,2,0.00508905852417,0.666666666667
2.7,3,0.00508905852417,0.666666666667
2.8,1,0.0031847133758,0.333333333333
2.8,2,0.0031847133758,0.333333333333
2.8,3,0.0031847133758,0.333333333333
2.9,1,0.0031847133758,0.333333333333
2.9,2,0.0031847133758,0.333333333333
2.9,3,0.0031847133758,0.333333333333
0.01,1,0.000109138533178,1.0
0.01,1,0.000109138533178,1.0
0.01,1,0.000109138533178,1.0
0.02,1,0.000109138533178,1.0
0.02,1,0.000109138533178,1.0
0.02,1,0.000109138533178,1.0
0.03,1,0.000109138533178,1.0
0.03,1,0.000109138533178,1.0
0.03,1,0.000109138533178,1.0
0.04,1,0.000109138533178,1.0
0.04,1,0.000109138533178,1.0
0.04,1,0.000109138533178,1.0
0.05,1,0.000109138533178,1.0
0.05,1,0.000109138533178,1.0
0.05,1,0.000109138533178,1.0
0.06,1,0.000109138533178,1.0
0.06,1,0.000109138533178,1.0
0.06,1,0.000109138533178,1.0
0.07,1,0.000109138533178,1.0
0.07,1,0.000109138533178,1.0
0.07,1,0.000109138533178,1.0
0.08,1,0.000109138533178,1.0
0.08,1,0.000109138533178,1.0
0.08,1,0.000109138533178,1.0
0.09,1,0.000109138533178,1.0
0.09,1,0.000109138533178,1.0
0.09,1,0.000109138533178,1.0
0.1,1,0.000109138533178,1.0
0.1,1,0.000109138533178,1.0
0.1,1,0.000109138533178,1.0
0.11,1,0.000109138533178,1.0
0.11,1,0.000109138533178,1.0
0.11,1,0.000109138533178,1.0
0.12,1,0.000109138533178,1.0
0.12,1,0.000109138533178,1.0
0.12,1,0.000109138533178,1.0
0.13,1,0.000109138533178,1.0
0.13,1,0.000109138533178,1.0
0.13,1,0.000109138533178,1.0
0.14,1,0.000109138533178,1.0
0.14,1,0.000109138533178,1.0
0.14,1,0.000109138533178,1.0
0.15,1,0.000109138533178,1.0
0.15,1,0.000109138533178,1.0
0.15,1,0.000109138533178,1.0
0.16,1,0.000109138533178,1.0
0.16,1,0.000109138533178,1.0
0.16,1,0.000109138533178,1.0
0.17,1,0.000109138533178,1.0
0.17,1,0.000109138533178,1.0
0.17,1,0.000109138533178,1.0
0.18,1,0.000109138533178,1.0
0.18,1,0.000109138533178,1.0
0.18,1,0.000109138533178,1.0
0.19,1,0.000109138533178,1.0
0.19,1,0.000109138533178,1.0
0.19,1,0.000109138533178,1.0
0.2,1,0.000109138533178,1.0
0.2,1,0.000109138533178,1.0
0.2,1,0.000109138533178,1.0
0.21,1,0.000110055394549,1.0
0.21,1,0.000110055394549,1.0
0.21,1,0.000110055394549,1.0
0.22,1,0.000110055394549,1.0
0.22,1,0.000110055394549,1.0
0.22,1,0.000110055394549,1.0
0.23,1,0.000110055394549,1.0
0.23,1,0.000110055394549,1.0
0.23,1,0.000110055394549,1.0
0.24,1,0.000110055394549,1.0
0.24,1,0.000110055394549,1.0
0.24,1,0.000110055394549,1.0
0.25,1,0.000110055394549,1.0
0.25,1,0.000110055394549,1.0
0.25,1,0.000110055394549,1.0
0.26,1,0.000110055394549,1.0
0.26,1,0.000110055394549,1.0
0.26,1,0.000110055394549,1.0
0.27,1,0.000110055394549,1.0
0.27,1,0.000110055394549,1.0
0.27,1,0.000110055394549,1.0
0.28,1,0.000110055394549,1.0
0.28,1,0.000110055394549,1.0
0.28,1,0.000110055394549,1.0
0.29,1,0.000110055394549,1.0
0.29,1,0.000110055394549,1.0
0.29,1,0.000110055394549,1.0
0.3,1,0.000110055394549,1.0
0.3,1,0.000110055394549,1.0
0.3,1,0.000110055394549,1.0
0.31,1,0.000110055394549,1.0
0.31,1,0.000110055394549,1.0
0.31,1,0.000110055394549,1.0
0.32,1,0.000110055394549,1.0
0.32,1,0.000110055394549,1.0
0.32,1,0.000110055394549,1.0
0.33,1,0.000110055394549,1.0
0.33,1,0.000110055394549,1.0
0.33,1,0.000110055394549,1.0
0.34,1,0.000110055394549,1.0
0.34,1,0.000110055394549,1.0
0.34,1,0.000110055394549,1.0
0.35,1,0.000110055394549,1.0
0.35,1,0.000110055394549,1.0
0.35,1,0.000110055394549,1.0
0.36,1,0.000110055394549,1.0
0.36,1,0.000110055394549,1.0
0.36,1,0.000110055394549,1.0
0.37,1,0.000110055394549,1.0
0.37,1,0.000110055394549,1.0
0.37,1,0.000110055394549,1.0
0.38,1,0.000110055394549,1.0
0.38,1,0.000110055394549,1.0
0.38,1,0.000110055394549,1.0
0.39,1,0.000110055394549,1.0
0.39,1,0.000110055394549,1.0
0.39,1,0.000110055394549,1.0
0.4,1,0.000110055394549,1.0
0.4,1,0.000110055394549,1.0
0.4,1,0.000110055394549,1.0
0.41,1,0.000114687667253,1.0
0.41,1,0.000114687667253,1.0
0.41,1,0.000114687667253,1.0
0.42,1,0.000114687667253,1.0
0.42,1,0.000114687667253,1.0
0.42,1,0.000114687667253,1.0
0.43,1,0.000114687667253,1.0
0.43,1,0.000114687667253,1.0
0.43,1,0.000114687667253,1.0
0.44,1,0.000114687667253,1.0
0.44,1,0.000114687667253,1.0
0.44,1,0.000114687667253,1.0
0.45,1,0.000114687667253,1.0
0.45,1,0.000114687667253,1.0
0.45,1,0.000114687667253,1.0
0.46,1,0.000114687667253,1.0
0.46,1,0.000114687667253,1.0
0.46,1,0.000114687667253,1.0
0.47,1,0.000114687667253,1.0
0.47,1,0.000114687667253,1.0
0.47,1,0.000114687667253,1.0
0.48,1,0.000114687667253,1.0
0.48,1,0.000114687667253,1.0
0.48,1,0.000114687667253,1.0
0.49,1,0.000114687667253,1.0
0.49,1,0.000114687667253,1.0
0.49,1,0.000114687667253,1.0
0.5,1,0.000114687667253,1.0
0.5,1,0.000114687667253,1.0
0.5,1,0.000114687667253,1.0
0.51,1,0.000114687667253,1.0
0.51,1,0.000114687667253,1.0
0.51,1,0.000114687667253,1.0
0.52,1,0.000114687667253,1.0
0.52,1,0.000114687667253,1.0
0.52,1,0.000114687667253,1.0
0.53,1,0.000114687667253,1.0
0.53,1,0.000114687667253,1.0
0.53,1,0.000114687667253,1.0
0.54,1,0.000114687667253,1.0
0.54,1,0.000114687667253,1.0
0.54,1,0.000114687667253,1.0
0.55,1,0.000114687667253,1.0
0.55,1,0.000114687667253,1.0
0.55,1,0.000114687667253,1.0
0.56,1,0.000114687667253,1.0
0.56,1,0.000114687667253,1.0
0.56,1,0.000114687667253,1.0
0.57,1,0.000114687667253,1.0
0.57,1,0.000114687667253,1.0
0.57,1,0.000114687667253,1.0
0.58,1,0.000114687667253,1.0
0.58,1,0.000114687667253,1.0
0.58,1,0.000114687667253,1.0
0.59,1,0.000114687667253,1.0
0.59,1,0.000114687667253,1.0
0.59,1,0.000114687667253,1.0
0.6,1,0.000114687667253,1.0
0.6,1,0.000114687667253,1.0
0.6,1,0.000114687667253,1.0
0.61,1,9.3261832595e-05,0.666666666667
0.61,1,9.3261832595e-05,0.666666666667
0.61,1,9.3261832595e-05,0.666666666667
0.62,1,9.3261832595e-05,0.666666666667
0.62,1,9.3261832595e-05,0.666666666667
0.62,1,9.3261832595e-05,0.666666666667
0.63,1,9.3261832595e-05,0.666666666667
0.63,1,9.3261832595e-05,0.666666666667
0.63,1,9.3261832595e-05,0.666666666667
0.64,1,9.3261832595e-05,0.666666666667
0.64,1,9.3261832595e-05,0.666666666667
0.64,1,9.3261832595e-05,0.666666666667
0.65,1,9.3261832595e-05,0.666666666667
0.65,1,9.3261832595e-05,0.666666666667
0.65,1,9.3261832595e-05,0.666666666667
0.66,1,9.3261832595e-05,0.666666666667
0.66,1,9.3261832595e-05,0.666666666667
0.66,1,9.3261832595e-05,0.666666666667
0.67,1,9.3261832595e-05,0.666666666667
0.67,1,9.3261832595e-05,0.666666666667
0.67,1,9.3261832595e-05,0.666666666667
0.68,1,9.3261832595e-05,0.666666666667
0.68,1,9.3261832595e-05,0.666666666667
0.68,1,9.3261832595e-05,0.666666666667
0.69,1,9.3261832595e-05,0.666666666667
0.69,1,9.3261832595e-05,0.666666666667
0.69,1,9.3261832595e-05,0.666666666667
0.7,1,9.3261832595e-05,0.666666666667
0.7,1,9.3261832595e-05,0.666666666667
0.7,1,9.3261832595e-05,0.666666666667
0.71,1,9.3261832595e-05,0.666666666667
0.71,1,9.3261832595e-05,0.666666666667
0.71,1,9.3261832595e-05,0.666666666667
0.72,1,9.3261832595e-05,0.666666666667
0.72,1,9.3261832595e-05,0.666666666667
0.72,1,9.3261832595e-05,0.666666666667
0.73,1,9.3261832595e-05,0.666666666667
0.73,1,9.3261832595e-05,0.666666666667
0.73,1,9.3261832595e-05,0.666666666667
0.74,1,9.3261832595e-05,0.666666666667
0.74,1,9.3261832595e-05,0.666666666667
0.74,1,9.3261832595e-05,0.666666666667
0.75,1,9.3261832595e-05,0.666666666667
0.75,1,9.3261832595e-05,0.666666666667
0.75,1,9.3261832595e-05,0.666666666667
0.76,1,9.3261832595e-05,0.666666666667
0.76,1,9.3261832595e-05,0.666666666667
0.76,1,9.3261832595e-05,0.666666666667
0.77,1,9.3261832595e-05,0.666666666667
0.77,1,9.3261832595e-05,0.666666666667
0.77,1,9.3261832595e-05,0.666666666667
0.78,1,9.3261832595e-05,0.666666666667
0.78,1,9.3261832595e-05,0.666666666667
0.78,1,9.3261832595e-05,0.666666666667
0.79,1,9.3261832595e-05,0.666666666667
0.79,1,9.3261832595e-05,0.666666666667
0.79,1,9.3261832595e-05,0.666666666667
0.8,1,9.3261832595e-05,0.666666666667
0.8,1,9.3261832595e-05,0.666666666667
0.8,1,9.3261832595e-05,0.666666666667
0.81,1,0.000193255386994,0.666666666667
0.81,1,0.000193255386994,0.666666666667
0.81,1,0.000193255386994,0.666666666667
0.82,1,0.000193255386994,0.666666666667
0.82,1,0.000193255386994,0.666666666667
0.82,1,0.000193255386994,0.666666666667
0.83,1,0.000193255386994,0.666666666667
0.83,1,0.000193255386994,0.666666666667
0.83,1,0.000193255386994,0.666666666667
0.84,1,0.000193255386994,0.666666666667
0.84,1,0.000193255386994,0.666666666667
0.84,1,0.000193255386994,0.666666666667
0.85,1,0.000193255386994,0.666666666667
0.85,1,0.000193255386994,0.666666666667
0.85,1,0.000193255386994,0.666666666667
0.86,1,0.000193255386994,0.666666666667
0.86,1,0.000193255386994,0.666666666667
0.86,1,0.000193255386994,0.666666666667
0.87,1,0.000193255386994,0.666666666667
0.87,1,0.000193255386994,0.666666666667
0.87,1,0.000193255386994,0.666666666667
0.88,1,0.000193255386994,0.666666666667
0.88,1,0.000193255386994,0.666666666667
0.88,1,0.000193255386994,0.666666666667
0.89,1,0.000193255386994,0.666666666667
0.89,1,0.000193255386994,0.666666666667
0.89,1,0.000193255386994,0.666666666667
0.9,1,0.000193255386994,0.666666666667
0.9,1,0.000193255386994,0.666666666667
0.9,1,0.000193255386994,0.666666666667
0.91,1,0.000193255386994,0.666666666667
0.91,1,0.000193255386994,0.666666666667
0.91,1,0.000193255386994,0.666666666667
0.92,1,0.000193255386994,0.666666666667
0.92,1,0.000193255386994,0.666666666667
0.92,1,0.000193255386994,0.666666666667
0.93,1,0.000193255386994,0.666666666667
0.93,1,0.000193255386994,0.666666666667
0.93,1,0.000193255386994,0.666666666667
0.94,1,0.000193255386994,0.666666666667
0.94,1,0.000193255386994,0.666666666667
0.94,1,0.000193255386994,0.666666666667
0.95,1,0.000193255386994,0.666666666667
0.95,1,0.000193255386994,0.666666666667
0.95,1,0.000193255386994,0.666666666667
0.96,1,0.000193255386994,0.666666666667
0.96,1,0.000193255386994,0.666666666667
0.96,1,0.000193255386994,0.666666666667
0.97,1,0.000193255386994,0.666666666667
0.97,1,0.000193255386994,0.666666666667
0.97,1,0.000193255386994,0.666666666667
0.98,1,0.000193255386994,0.666666666667
0.98,1,0.000193255386994,0.666666666667
0.98,1,0.000193255386994,0.666666666667
0.99,1,0.000193255386994,0.666666666667
0.99,1,0.000193255386994,0.666666666667
0.99,1,0.000193255386994,0.666666666667
